完成巡视的最短时间: 6.43h 方案如下：
巡视地点: 43       |  耗时： 6.43h | 巡视路线: 50,2,5,6,7,40,9,41,12,43,12,41,9,40,7,6,5,2,50
巡视地点: 45,18    |  耗时： 6.29h | 巡视路线: 50,2,5,6,47,19,45,18,46,21,25,48,50
巡视地点: 44       |  耗时： 5.48h | 巡视路线: 50,48,25,21,46,18,44,18,46,21,25,48,50
巡视地点: 42       |  耗时： 5.58h | 巡视路线: 50,2,5,6,7,40,11,42,11,40,7,6,5,2,50
巡视地点: 41,9     |  耗时： 6.15h | 巡视路线: 50,2,5,6,7,40,9,41,9,40,7,6,5,2,50
巡视地点: 14,13    |  耗时： 6.15h | 巡视路线: 50,2,5,6,47,19,45,13,14,13,45,19,47,6,5,2,50
巡视地点: 47,20,25 |  耗时： 6.37h | 巡视路线: 50,2,5,6,47,20,25,48,50
巡视地点: 46,17    |  耗时： 6.05h | 巡视路线: 50,48,25,21,46,17,46,21,25,48,50
巡视地点: 40,7 ,6  |  耗时： 6.38h | 巡视路线: 50,2,5,6,7,40,7,6,5,2,50
巡视地点: 16,15    |  耗时： 6.30h | 巡视路线: 50,48,25,21,46,17,16,44,15,44,18,46,21,25,48,50
巡视地点: 12,11    |  耗时： 5.94h | 巡视路线: 50,2,5,6,7,40,9,41,12,42,11,40,7,6,5,2,50
巡视地点: 10,8     |  耗时： 6.22h | 巡视路线: 50,2,5,6,7,40,9,41,10,41,9,40,8,40,7,6,5,2,50
巡视地点: 52,32,31 |  耗时： 6.18h | 巡视路线: 50,53,29,52,30,32,31,53,50
巡视地点: 49,27,28 |  耗时： 6.27h | 巡视路线: 50,51,26,49,26,27,28,51,50
巡视地点: 48,23,26 |  耗时： 6.31h | 巡视路线: 50,48,49,23,49,26,51,50
巡视地点: 39,4 ,5  |  耗时： 6.18h | 巡视路线: 50,2,3,39,4,39,5,2,50
巡视地点: 35,34,53 |  耗时： 6.21h | 巡视路线: 50,1,36,34,35,34,36,53,50
巡视地点: 30,29,36 |  耗时： 6.39h | 巡视路线: 50,53,29,52,30,52,29,53,36,1,50
巡视地点: 24,22,21 |  耗时： 6.34h | 巡视路线: 50,51,26,49,24,23,22,46,21,25,48,50
巡视地点: 19,3 ,2  |  耗时： 5.91h | 巡视路线: 50,2,5,6,47,19,47,6,5,2,3,2,50
巡视地点: 51,38,1  |  耗时： 6.40h | 巡视路线: 50,51,50,38,1,50
巡视地点: 37,33    |  耗时： 4.58h | 巡视路线: 50,1,37,36,33,36,1,50
总路径条数: 22
